0,1,3,2,1,366,1
0,4,0,0,1,164,1
0,1,4,0,1,350,1
0,3,1,0,1,151,1
0,1,0,3,1,183,1
0,3,0,2,1,184,1
0,0,4,1,1,386,1
0,2,3,0,1,190,1
0,2,1,3,1,190,1
0,1,4,1,1,226,1
0,0,1,4,1,282,1
0,0,2,2,1,247,1
0,1,3,1,1,246,1
0,0,4,2,1,198,1
0,0,0,5,0,36,0
0,0,0,6,0,10,0
0,0,0,6,0,10,0
0,0,0,7,1,10,0
0,2,0,5,0,10,0
0,3,1,1,1,10,0
0,1,3,3,1,146,1
0,5,0,0,1,365,1
0,2,1,3,1,365,1
0,2,3,3,0,365,0
0,0,4,1,1,304,1
0,2,4,0,1,365,0
0,0,0,8,0,303,0
0,2,4,1,1,10,1
0,0,4,1,1,183,1
0,0,4,3,1,184,1
0,0,2,4,1,180,1
0,0,1,5,1,148,1
0,3,2,0,1,183,1
0,0,6,1,0,49,0
0,0,4,5,0,49,0
0,6,0,0,1,127,1
0,1,2,3,1,155,1
0,1,4,1,1,127,1
0,1,1,4,1,100,1
0,2,1,3,1,155,1
0,2,2,2,1,288,1
0,4,1,1,1,163,1
0,0,0,6,1,219,1
0,0,1,5,1,191,1
0,1,3,2,1,199,1
0,0,0,6,0,164,0
0,0,2,3,1,172,0
0,1,0,5,0,289,0
0,2,1,3,0,317,0
0,0,2,4,1,254,0
